001F
0020
0040
0060
0080
00a0
00c0
00e0
0100
0120
0140
0160
0180
01a0
01c0
01e0
0200
0220
0240
0260
0280
02a0
02c0
02e0
0300
0320
0340
0360
0380
03a0
03c0
03e0
0400
0420
0440
0460
0480
04a0
04c0
04e0
0500
0520
0540
0560
0580
05a0
05c0
05e0
0600
0620
0640
0660
0680
06a0
06c0
06e0
0700
0720
0740
0760
0780
07a0
07c0
07e0
0000
0020
0040
0060
0080
00a0
00c0
00e0
0100
0120
0140
0160
0180
01a0
01c0
01e0
0200
0220
0240
0260
0280
02a0
02c0
02e0
0300
0320
0340
0360
0380
03a0
03c0
03e0
0400
0420
0440
0460
0480
04a0
04c0
04e0
0500
0520
0540
0560
0580
05a0
05c0
05e0
0600
0620
0640
0660
0680
06a0
06c0
06e0
0700
0720
0740
0760
0780
07a0
07c0
07e0
0000
0020
0040
0060
0080
00a0
00c0
00e0
0100
0120
0140
0160
0180
01a0
01c0
01e0
0200
0220
0240
0260
0280
02a0
02c0
02e0
0300
0320
0340
0360
0380
03a0
03c0
03e0
0400
0420
0440
0460
0480
04a0
04c0
04e0
0500
0520
0540
0560
0580
05a0
05c0
05e0
0600
0620
0640
0660
0680
06a0
06c0
06e0
0700
0720
0740
0760
0780
07a0
07c0
07e0
0000
0020
0040
0060
0080
00a0
00c0
00e0
0100
0120
0140
0160
0180
01a0
01c0
01e0
0200
0220
0240
0260
0280
02a0
02c0
02e0
0300
0320
0340
0360
0380
03a0
03c0
03e0
0400
0420
0440
0460
0480
04a0
04c0
04e0
0500
0520
0540
0560
0580
05a0
05c0
05e0
0600
0620
0640
0660
0680
06a0
06c0
06e0
0700
0720
0740
0760
0780
07a0
07c0
07e0
0000
0020
0040
0060
0080
00a0
00c0
00e0
0100
0120
0140
0160
0180
01a0
01c0
01e0
0200
0220
0240
0260
0280
02a0
02c0
02e0
0300
0320
0340
0360
0380
03a0
03c0
03e0
0400
0420
0440
0460
0480
04a0
04c0
04e0
0500
0520
0540
0560
0580
05a0
05c0
05e0
0600
0620
0640
0660
0680
06a0
06c0
06e0
0700
0720
0740
0760
0780
07a0
07c0
07e0
0000
0020
0040
0060
0080
00a0
00c0
00e0
0100
0120
0140
0160
0180
01a0
01c0
01e0
0200
0220
0240
0260
0280
02a0
02c0
02e0
0300
0320
0340
0360
0380
03a0
03c0
03e0
0400
0420
0440
0460
0480
04a0
04c0
04e0
0500
0520
0540
0560
0580
05a0
05c0
05e0
0600
0620
0640
0660
0680
06a0
06c0
06e0
0700
0720
0740
0760
0780
07a0
07c0
07e0
0000
0020
0040
0060
0080
00a0
00c0
00e0
0100
0120
0140
0160
0180
01a0
01c0
01e0
0200
0220
0240
0260
0280
02a0
02c0
02e0
0300
0320
0340
0360
0380
03a0
03c0
03e0
0400
0420
0440
0460
0480
04a0
04c0
04e0
0500
0520
0540
0560
0580
05a0
05c0
05e0
0600
0620
0640
0660
0680
06a0
06c0
06e0
0700
0720
0740
0760
0780
07a0
07c0
07e0
0000
0020
0040
0060
0080
00a0
00c0
00e0
0100
0120
0140
0160
0180
01a0
01c0
01e0
0200
0220
0240
0260
0280
02a0
02c0
02e0
0300
0320
0340
0360
0380
03a0
03c0
03e0
0400
0420
0440
0460
0480
04a0
04c0
04e0
0500
0520
0540
0560
0580
05a0
05c0
05e0
0600
0620
0640
0660
0680
06a0
06c0
06e0
0700
0720
0740
0760
0780
07a0
07c0
07e0
0000
0020
0040
0060
0080
00a0
00c0
00e0
0100
0120
0140
0160
0180
01a0
01c0
01e0
0200
0220
0240
0260
0280
02a0
02c0
02e0
0300
0320
0340
0360
0380
03a0
03c0
03e0
0400
0420
0440
0460
0480
04a0
04c0
04e0
0500
0520
0540
0560
0580
05a0
05c0
05e0
0600
0620
0640
0660
0680
06a0
06c0
06e0
0700
0720
0740
0760
0780
07a0
07c0
07e0
0000
0020
0040
0060
0080
00a0
00c0
00e0
0100
0120
0140
0160
0180
01a0
01c0
01e0
0200
0220
0240
0260
0280
02a0
02c0
02e0
0300
0320
0340
0360
0380
03a0
03c0
03e0
0400
0420
0440
0460
0480
04a0
04c0
04e0
0500
0520
0540
0560
0580
05a0
05c0
05e0
0600
0620
0640
0660
0680
06a0
06c0
06e0
0700
0720
0740
0760
0780
07a0
07c0
07e0
0000
0020
0040
0060
0080
00a0
00c0
00e0
0100
0120
0140
0160
0180
01a0
01c0
01e0
0200
0220
0240
0260
0280
02a0
02c0
02e0
0300
0320
0340
0360
0380
03a0
03c0
03e0
0400
0420
0440
0460
0480
04a0
04c0
04e0
0500
0520
0540
0560
0580
05a0
05c0
05e0
0600
0620
0640
0660
0680
06a0
06c0
06e0
0700
0720
0740
0760
0780
07a0
07c0
07e0
0000
0020
0040
0060
0080
00a0
00c0
00e0
0100
0120
0140
0160
0180
01a0
01c0
01e0
0200
0220
0240
0260
0280
02a0
02c0
02e0
0300
0320
0340
0360
0380
03a0
03c0
03e0
0400
0420
0440
0460
0480
04a0
04c0
04e0
0500
0520
0540
0560
0580
05a0
05c0
05e0
0600
0620
0640
0660
0680
06a0
06c0
06e0
0700
0720
0740
0760
0780
07a0
07c0
07e0
0000
0020
0040
0060
0080
00a0
00c0
00e0
0100
0120
0140
0160
0180
01a0
01c0
01e0
0200
0220
0240
0260
0280
02a0
02c0
02e0
0300
0320
0340
0360
0380
03a0
03c0
03e0
0400
0420
0440
0460
0480
04a0
04c0
04e0
0500
0520
0540
0560
0580
05a0
05c0
05e0
0600
0620
0640
0660
0680
06a0
06c0
06e0
0700
0720
0740
0760
0780
07a0
07c0
07e0
0000
0020
0040
0060
0080
00a0
00c0
00e0
0100
0120
0140
0160
0180
01a0
01c0
01e0
0200
0220
0240
0260
0280
02a0
02c0
02e0
0300
0320
0340
0360
0380
03a0
03c0
03e0
0400
0420
0440
0460
0480
04a0
04c0
04e0
0500
0520
0540
0560
0580
05a0
05c0
05e0
0600
0620
0640
0660
0680
06a0
06c0
06e0
0700
0720
0740
0760
0780
07a0
07c0
07e0
0000
0020
0040
0060
0080
00a0
00c0
00e0
0100
0120
0140
0160
0180
01a0
01c0
01e0
0200
0220
0240
0260
0280
02a0
02c0
02e0
0300
0320
0340
0360
0380
03a0
03c0
03e0
0400
0420
0440
0460
0480
04a0
04c0
04e0
0500
0520
0540
0560
0580
05a0
05c0
05e0
0600
0620
0640
0660
0680
06a0
06c0
06e0
0700
0720
0740
0760
0780
07a0
07c0
07e0
0000
0020
0040
0060
0080
00a0
00c0
00e0
0100
0120
0140
0160
0180
01a0
01c0
01e0
0200
0220
0240
0260
0280
02a0
02c0
02e0
0300
0320
0340
0360
0380
03a0
03c0
03e0
0400
0420
0440
0460
0480
04a0
04c0
04e0
0500
0520
0540
0560
0580
05a0
05c0
05e0
0600
0620
0640
0660
0680
06a0
06c0
06e0
0700
0720
0740
0760
0780
07a0
07c0
07e0
